%YAML:1.0
---
LEFT_K: !!opencv-matrix
   rows: 3
   cols: 3
   dt: d
   data: [ 5.7823235305857474e+02, 0., 5.0199184204649555e+02, 0.,
       5.7969697745586018e+02, 2.8116139348773697e+02, 0., 0., 1. ]
LEFT_D: !!opencv-matrix
   rows: 1
   cols: 5
   dt: d
   data: [ 6.1202440038396977e-02, -8.2688991372569617e-02,
       -4.5747660625026715e-03, 1.2462730215304443e-02,
       7.1991470836905323e-03 ]
RIGHT_K: !!opencv-matrix
   rows: 3
   cols: 3
   dt: d
   data: [ 5.7544941219146585e+02, 0., 4.9511980258197667e+02, 0.,
       5.6890136638534750e+02, 2.6598159802793617e+02, 0., 0., 1. ]
RIGHT_D: !!opencv-matrix
   rows: 1
   cols: 5
   dt: d
   data: [ 1.0103697537432990e-01, -1.8925756145887021e-01,
       -8.7696534994119498e-03, 7.7300526294002024e-03,
       1.4521317446108489e-01 ]
R: !!opencv-matrix
   rows: 3
   cols: 3
   dt: d
   data: [ 9.9998332282271352e-01, 5.7072382675698195e-03,
       8.8402929922979235e-04, -5.7278285042298765e-03,
       9.9966180504970326e-01, 2.5366661297757685e-02,
       -7.3895674490582130e-04, -2.5371301821668760e-02,
       9.9967782359458335e-01 ]
T: !!opencv-matrix
   rows: 3
   cols: 1
   dt: d
   data: [ -1.2744806204799358e-01, 4.4574566272307190e-03,
       -1.2762534943558375e-03 ]
E: !!opencv-matrix
   rows: 3
   cols: 3
   dt: d
   data: [ -1.0604028783411642e-05, 1.1627303944222794e-03,
       4.4883948299986615e-03, -1.3704108151255901e-03,
       -3.2408071315885201e-03, 1.2740587304400339e-01,
       -3.7273816468289442e-03, -1.2743039952402282e-01,
       -3.2368723452855771e-03 ]
F: !!opencv-matrix
   rows: 3
   cols: 3
   dt: d
   data: [ 1.3072591547343111e-08, -1.4297864298092899e-06,
       -2.8040772107964626e-03, 1.7088807014056920e-06,
       4.0310251271399800e-06, -9.3856789060447976e-02,
       2.1832423838680712e-03, 8.9807869673953128e-02, 1. ]
