%YAML:1.0
---
cameraMatrix: !!opencv-matrix
   rows: 3
   cols: 3
   dt: d
   data: [ 1.0723715214594197e+03, 0., 6.4374869385817340e+02, 0.,
       1.0717764356229370e+03, 3.5301664125375646e+02, 0., 0., 1. ]
distCoeffs: !!opencv-matrix
   rows: 1
   cols: 5
   dt: d
   data: [ -1.0371041899994604e-02, -9.6444893897690620e-02,
       -3.0445097560549330e-03, 9.5816192157968053e-04,
       8.9199480445592561e-02 ]
