%YAML:1.0
---
cameraMatrix: !!opencv-matrix
   rows: 3
   cols: 3
   dt: d
   data: [ 1.0723715214594192e+03, 0., 6.4374869385817260e+02, 0.,
       1.0717764356229366e+03, 3.5301664125375635e+02, 0., 0., 1. ]
distCoeffs: !!opencv-matrix
   rows: 1
   cols: 5
   dt: d
   data: [ -1.0371041899999723e-02, -9.6444893897621620e-02,
       -3.0445097560548818e-03, 9.5816192157942683e-04,
       8.9199480445389126e-02 ]
R: !!opencv-matrix
   rows: 7
   cols: 1
   dt: "3d"
   data: [ -2.5811383510425767e-01, -7.7616688860737404e-01,
       1.3241285951849260e+00, -2.0607605772915465e-02,
       -5.7506962557810659e-01, 1.4037390288969063e+00,
       3.7917167071040303e-01, -1.5617298703039401e-01,
       1.5060694854222776e+00, 6.6344025767259318e-01,
       4.1539422303357831e-02, 1.5215905944439376e+00,
       6.9999018325047924e-01, -4.3560815976770917e-01,
       1.5170840936798884e+00, 3.0377011289092781e-01,
       -4.2863930501457204e-01, 1.5155963592833388e+00,
       1.8161559175660363e-01, -3.2894160157344521e-01,
       1.5356009449521566e+00 ]
T: !!opencv-matrix
   rows: 7
   cols: 1
   dt: "3d"
   data: [ -1.0387631181727433e-01, -4.6847842690633295e+00,
       2.3856177501285035e+01, 3.1915672327649234e+00,
       -2.6473908515793205e+00, 1.7714777006312683e+01,
       2.7994983364778729e+00, -1.5839433711262656e+00,
       1.4975163284957780e+01, 2.3647493771596810e+00,
       -1.4024790237445761e+00, 1.3720014829438487e+01,
       4.0958979598842866e+00, -5.4312256259706293e-01,
       1.3954461723306123e+01, 5.2130967917129309e+00,
       -1.0347831430484680e+00, 1.2015465070446471e+01,
       4.4821631524073045e+00, -1.9720063887267962e+00,
       9.7018246065277740e+00 ]
